{
  "advancedEditorSelectedIdentifier" : "ProjectBrowser",
  "openSceneRelativePaths" : [
    "Scene.usda"
  ],
  "recentIdentifiers" : {
    "26DBAE76-5DD8-47B6-A085-1B4ADA111097" : [

    ]
  },
  "sceneCameraHistory" : {
    "26DBAE76-5DD8-47B6-A085-1B4ADA111097" : [
      {
        "date" : 709233198.55555701,
        "title" : "Untitled",
        "transform" : [
          0.97810029983520508,
          -0.00075549486791715026,
          0.20813342928886414,
          0,
          0.010253680869936943,
          0.99895411729812622,
          -0.044559728354215622,
          0,
          -0.20788209140300751,
          0.045718029141426086,
          0.97708499431610107,
          0,
          -0.29314160346984863,
          0.075805708765983582,
          0.81646126508712769,
          1
        ]
      },
      {
        "date" : 709194897.63111305,
        "title" : "Untitled",
        "transform" : [
          0.99996811151504517,
          -0.00075549411121755838,
          0.0079539958387613297,
          0,
          0.002483283169567585,
          0.97560387849807739,
          -0.21952441334724426,
          0,
          -0.0075940997339785099,
          0.21953718364238739,
          0.97557467222213745,
          0,
          -0.12329956889152527,
          0.22481647133827209,
          0.83219122886657715,
          1
        ]
      },
      {
        "date" : 709189358.70434701,
        "title" : "Untitled",
        "transform" : [
          0.99996799230575562,
          -0.00075549399480223656,
          0.007953994907438755,
          0,
          0.002483283169567585,
          0.97560387849807739,
          -0.21952441334724426,
          0,
          -0.0075940997339785099,
          0.21953718364238739,
          0.97557467222213745,
          0,
          0.082840122282505035,
          0.24205395579338074,
          0.82991683483123779,
          1
        ]
      },
      {
        "date" : 709189228.43991494,
        "title" : "Untitled",
        "transform" : [
          0.99991142749786377,
          -0.00075549510074779391,
          0.01329045370221138,
          0,
          0.002129662549123168,
          0.99460804462432861,
          -0.10368386656045914,
          0,
          -0.013140461407601833,
          0.10370302200317383,
          0.99452149868011475,
          0,
          0.081273719668388367,
          0.11656168103218079,
          0.60458505153656006,
          1
        ]
      },
      {
        "date" : 709188186.20478702,
        "title" : "Untitled",
        "transform" : [
          0.99991142749786377,
          -0.00075549510074779391,
          0.01329045370221138,
          0,
          0.002129662549123168,
          0.99460804462432861,
          -0.10368386656045914,
          0,
          -0.013140461407601833,
          0.10370302200317383,
          0.99452149868011475,
          0,
          0.14316841959953308,
          0.094518333673477173,
          0.60770130157470703,
          1
        ]
      },
      {
        "date" : 709188184.65513098,
        "title" : "Untitled",
        "transform" : [
          0.99999570846557617,
          -0.00075549515895545483,
          -0.0028523255605250597,
          0,
          1.7131409549620003e-05,
          0.96813231706619263,
          -0.25043949484825134,
          0,
          0.002950629685074091,
          0.25043836236000061,
          0.9681280255317688,
          0,
          0.15310929715633392,
          0.18535099923610687,
          0.5951768159866333,
          1
        ]
      },
      {
        "date" : 709188127.62459695,
        "title" : "Untitled",
        "transform" : [
          0.99043679237365723,
          -0.000755495042540133,
          0.13796447217464447,
          0,
          0.0091840522363781929,
          0.99812805652618408,
          -0.060465533286333084,
          0,
          -0.13766053318977356,
          0.061154384166002274,
          0.98858970403671265,
          0,
          0.066849887371063232,
          0.06826317310333252,
          0.59722375869750977,
          1
        ]
      },
      {
        "date" : 709188117.89181995,
        "title" : "Untitled",
        "transform" : [
          0.63587343692779541,
          -0.00075549789471551776,
          0.77179288864135742,
          0,
          0.30460742115974426,
          0.91906613111495972,
          -0.2500636875629425,
          0,
          -0.70913982391357422,
          0.39410269260406494,
          0.58463990688323975,
          0,
          -0.2738226056098938,
          0.27474731206893921,
          0.32214272022247314,
          1
        ]
      },
      {
        "date" : 709188107.15798998,
        "title" : "Untitled",
        "transform" : [
          0.98557591438293457,
          -0.000755507149733603,
          0.16923166811466217,
          0,
          0.092367954552173615,
          0.84030705690383911,
          -0.53418350219726562,
          0,
          -0.14180299639701843,
          0.54211008548736572,
          0.82825630903244019,
          0,
          0.061747536063194275,
          0.3679671585559845,
          0.5130687952041626,
          1
        ]
      },
      {
        "date" : 709188100.09047496,
        "title" : "Untitled",
        "transform" : [
          0.98813307285308838,
          -0.00075550738256424665,
          -0.15359802544116974,
          0,
          -0.094875194132328033,
          0.78341978788375854,
          -0.6142084002494812,
          0,
          0.12079578638076782,
          0.62149238586425781,
          0.77405142784118652,
          0,
          -0.043417830020189285,
          0.50399386882781982,
          0.64282423257827759,
          1
        ]
      }
    ]
  }
}